0 1 2 2 2 2 2 0 0 0 0 0 0 2 2 2 0 0 0 2 2 0 0 0 0 0 0 0 0 2 2 2 0 0 0 0 0 0 2 2 2 2 2 2 2 2 2 2 2 2 2 2 2 2 2 2 2 2 2 2 2 2 2 2 2 2 0 0 0 0 0 0 0 0 0 0 0 0 0 0 2 0 2 2 2 2 2 2 2 2 2 2 2 2 2 2 2 2 2 2 2 2 2 2 2 2 2 2 2 2 2 2 2 0 0 0 0 0 0 0 0 2 2 2 2 2 2 2 2 2 2 2 2 2 2 2 2 2 2 2 2 2 2 2 2 2 2 2 2 2 2 2 2 2 2 2 2 2 2 2 2 2 2 2 2 2 0 0 0 0 0
0 1 2 2 2 2 2 0 0 0 0 0 0 0 0 2 0 0 0 0 2 2 0 0 0 0 0 0 2 2 2 2 0 0 0 0 0 0 2 2 2 2 2 2 2 2 2 2 0 0 0 2 2 2 2 2 2 2 2 2 2 2 2 2 2 2 0 0 0 0 0 0 0 0 0 0 0 0 0 0 0 0 2 2 2 2 2 2 2 2 2 2 2 2 2 2 2 2 2 2 2 2 2 2 2 2 2 2 2 2 2 2 2 0 0 0 0 0 0 0 0 0 2 2 2 2 2 2 0 0 0 2 2 2 2 2 2 2 2 2 2 2 2 2 2 2 2 2 2 2 2 2 2 2 2 2 2 2 2 2 2 2 2 2 2 0 0 0 0 0 0
0 1 2 2 2 2 0 0 0 0 0 0 0 0 0 2 0 0 0 0 2 2 0 0 0 0 0 0 2 2 2 2 0 0 0 0 0 0 0 0 2 2 2 2 2 2 2 2 0 0 0 2 2 2 2 2 2 2 2 2 2 2 2 2 2 2 2 0 0 0 0 0 0 0 0 0 0 0 0 0 0 2 2 2 2 0 0 0 2 2 2 2 2 2 2 2 2 2 2 2 2 2 2 2 2 2 2 2 2 2 2 2 2 2 0 0 0 0 0 0 0 0 2 2 2 2 0 2 0 0 0 2 2 2 2 2 2 2 2 2 2 2 2 2 2 2 2 0 0 2 2 2 2 2 2 2 2 2 2 2 2 2 2 2 2 0 0 0 0 0 0
0 1 2 2 2 0 0 0 0 0 0 0 0 0 0 2 0 0 0 2 2 0 0 0 0 0 0 0 0 2 2 2 2 2 0 0 2 2 0 0 0 2 0 0 2 2 2 2 0 0 0 0 0 0 0 2 2 2 2 2 2 2 2 2 2 2 2 0 0 2 0 0 0 0 0 0 0 0 0 2 2 2 2 2 2 0 0 0 0 2 2 2 2 2 2 2 2 2 2 2 2 2 2 2 2 2 2 2 2 0 0 0 2 0 0 0 0 0 0 2 2 2 2 2 2 0 0 0 0 0 0 0 0 2 2 2 2 2 2 2 2 2 2 2 2 2 0 0 0 0 2 2 2 2 2 2 2 2 2 2 2 2 2 2 2 0 0 0 2 0 0
0 1 2 2 2 0 0 0 2 0 0 0 2 2 2 2 2 2 2 2 0 0 0 0 0 0 0 0 0 0 2 2 2 2 2 2 2 2 0 0 0 0 0 0 2 0 0 0 0 0 0 0 0 0 0 2 2 2 2 2 2 2 2 2 2 2 2 2 2 0 0 0 0 0 0 0 0 0 0 2 2 2 2 2 2 0 0 0 0 2 2 2 2 2 2 2 2 2 2 2 2 2 2 2 2 0 0 2 2 0 0 0 2 0 0 0 0 0 0 0 2 2 2 2 2 0 0 0 0 0 0 0 0 2 2 2 2 2 2 2 2 2 2 2 2 2 0 0 0 0 2 2 0 0 0 2 2 2 2 2 2 2 2 2 2 2 2 2 2 0 0
0 1 2 2 2 2 2 2 2 0 0 0 2 2 2 2 2 2 2 2 0 0 0 0 0 0 0 0 0 0 2 2 2 2 2 2 0 0 0 0 0 0 0 2 2 0 0 0 0 0 0 0 0 0 2 2 2 2 2 2 2 2 2 2 2 2 2 2 2 0 0 0 0 2 0 0 0 0 0 0 0 0 2 2 2 0 0 0 0 2 2 2 2 2 2 2 2 2 2 2 2 2 2 2 2 0 0 0 0 0 0 0 2 0 0 2 2 0 0 0 2 2 2 2 2 2 2 0 0 0 0 0 2 2 2 2 2 2 2 2 2 2 2 2 2 2 2 0 0 0 0 0 0 0 0 0 2 2 2 2 2 2 2 2 2 2 2 2 2 0 0
0 1 2 2 2 2 2 2 2 0 0 2 2 2 2 2 2 2 2 2 0 2 0 0 0 0 0 2 2 0 2 2 2 2 2 2 0 0 0 0 0 0 0 2 2 2 0 0 0 0 0 0 0 2 2 2 2 2 2 0 0 0 2 2 2 2 2 2 2 0 0 2 0 2 0 0 0 0 0 0 0 0 2 2 2 2 2 2 2 2 2 2 2 2 2 2 2 2 2 2 2 2 2 2 2 0 0 0 0 0 0 2 2 2 2 2 2 0 0 0 2 2 2 2 2 2 0 0 0 0 0 2 2 2 2 2 2 2 2 2 2 2 2 9 9 10 10 0 0 0 0 0 0 0 0 2 2 2 2 2 2 2 2 2 2 2 2 2 2 2 2
0 1 0 2 2 2 2 2 2 2 2 2 2 2 2 2 2 2 2 2 2 2 2 0 0 0 0 2 2 2 2 2 2 2 2 2 2 2 0 0 0 0 0 0 2 2 2 2 0 0 0 0 0 0 2 2 2 2 0 0 0 0 2 2 2 2 2 2 2 2 2 2 2 2 2 0 0 0 0 0 0 2 2 2 2 2 2 2 2 2 2 0 2 2 0 0 2 2 2 2 2 2 2 2 2 2 0 0 0 0 0 0 0 0 2 2 2 2 2 2 2 2 2 2 2 2 0 0 0 0 0 0 2 2 2 2 2 2 2 2 2 2 9 9 9 10 10 10 10 10 0 0 0 0 2 2 2 2 2 2 2 2 0 0 2 2 2 2 2 2 2
0 1 0 2 2 2 2 2 2 2 2 0 0 0 2 2 2 2 2 2 2 2 2 2 0 0 2 2 2 2 2 2 2 2 2 2 2 2 0 0 2 0 0 0 2 2 2 0 0 0 0 0 0 0 2 2 2 2 0 0 0 0 2 2 2 2 2 2 2 2 2 2 2 2 2 0 0 0 0 0 0 2 2 2 2 2 2 2 2 2 2 0 0 0 0 0 2 2 2 2 2 2 2 2 2 0 0 0 0 0 0 0 0 0 2 2 2 2 2 2 2 2 2 2 2 2 0 2 2 0 0 0 2 2 2 2 2 2 2 2 2 9 9 9 9 10 10 10 10 10 10 10 0 0 2 2 2 2 2 2 2 2 2 0 2 2 2 2 2 2 2
0 1 0 0 2 2 2 2 2 2 2 0 0 0 0 2 2 2 2 2 2 2 2 2 2 0 0 0 2 2 2 2 2 2 2 2 2 2 0 0 2 2 2 2 2 2 2 0 0 0 0 2 0 0 2 2 2 2 0 0 0 0 2 2 2 2 2 2 2 2 2 2 2 2 2 0 0 0 0 0 0 2 2 2 2 2 2 2 2 2 2 2 0 0 0 0 0 2 2 2 2 2 2 2 2 0 0 0 0 0 0 0 0 2 2 2 2 2 2 2 0 0 2 2 2 2 2 2 2 2 2 2 2 2 2 2 2 2 2 2 9 9 9 9 14 14 14 14 14 10 10 10 10 10 11 11 11 11 11 11 2 2 2 2 0 0 0 2 2 2 2
0 1 0 0 2 2 2 2 2 2 2 0 0 0 0 2 2 2 2 2 2 2 2 2 2 0 0 0 0 2 2 2 2 2 2 2 2 2 2 2 2 2 2 2 2 2 2 0 0 2 0 0 0 2 0 0 0 2 2 2 2 2 2 2 2 2 2 0 0 2 2 2 2 2 2 0 0 0 2 0 0 2 2 2 2 2 2 2 2 2 2 0 0 0 0 0 0 2 2 2 2 2 2 2 0 0 0 0 0 0 0 2 2 2 2 2 2 2 2 0 0 0 0 2 2 2 2 2 2 2 2 2 2 2 2 2 2 2 2 2 9 9 9 14 14 14 14 14 14 15 10 10 10 10 11 11 11 11 11 11 11 2 2 2 2 0 0 2 2 2 2
0 1 0 2 2 2 2 2 2 2 2 0 0 0 2 2 2 2 2 2 2 2 2 2 2 0 0 0 0 2 2 2 2 2 2 2 2 2 2 2 2 2 2 2 2 2 2 2 2 2 0 0 0 0 0 0 0 2 2 2 2 2 2 2 2 2 0 0 0 2 2 2 2 2 2 2 2 2 2 2 2 2 2 2 2 2 2 2 2 2 2 0 0 0 0 2 2 2 2 2 2 0 0 0 2 2 2 2 0 0 0 2 2 2 2 2 2 2 2 0 0 0 0 2 2 2 2 2 2 2 2 2 2 2 2 2 2 2 2 2 9 9 14 14 14 14 14 14 14 15 15 15 10 11 15 15 15 11 11 11 11 11 2 2 2 0 2 2 2 2 2
0 1 0 2 2 2 0 0 0 0 0 2 2 2 2 2 2 2 2 2 2 2 2 2 2 0 0 0 2 2 2 2 2 2 2 2 2 2 2 2 2 2 2 2 2 2 2 2 2 2 0 0 0 0 0 0 2 2 2 2 2 2 0 0 0 0 0 0 0 2 2 2 2 2 2 2 2 2 2 2 2 2 2 2 2 2 2 2 2 2 2 2 2 0 0 0 2 2 2 2 2 0 0 0 2 0 2 2 2 0 0 2 2 2 2 2 2 2 2 0 0 0 0 2 2 2 2 2 2 2 2 2 2 2 2 2 2 2 2 9 9 9 14 14 14 20 20 20 20 15 15 15 15 15 15 15 15 15 15 11 11 11 2 2 2 0 2 2 2 2 2
0 1 2 2 2 2 0 0 0 0 0 2 2 2 2 2 2 2 2 2 2 2 2 2 2 2 2 2 2 2 2 2 2 2 2 2 2 2 2 2 2 2 2 2 2 2 2 2 0 0 0 0 0 0 0 0 2 2 2 2 2 2 0 0 0 0 0 0 0 0 0 0 2 2 0 0 2 2 2 2 2 2 2 2 2 2 2 2 2 2 2 2 2 2 2 2 2 2 2 0 0 2 0 0 0 0 0 2 2 2 2 2 2 2 2 2 2 2 2 2 2 2 2 0 0 0 2 2 2 2 2 0 2 2 0 2 2 2 2 9 9 9 14 14 20 20 20 20 20 20 15 15 15 15 15 15 15 15 15 11 11 11 11 2 2 0 2 2 2 2 2
0 1 2 2 2 0 0 0 0 0 0 2 2 2 2 2 2 2 2 2 2 2 2 2 0 0 2 2 2 2 2 2 0 0 0 2 2 2 2 2 2 2 2 2 2 2 2 2 0 0 0 0 0 0 0 0 0 2 2 2 2 2 2 0 0 0 0 0 0 0 0 0 2 0 0 0 0 2 2 2 2 2 2 2 2 2 2 2 2 2 2 2 2 2 2 2 2 2 2 0 0 0 0 0 0 0 0 2 2 2 2 2 2 2 2 2 2 2 2 0 2 2 2 0 0 2 2 2 2 2 2 0 0 0 0 2 2 2 9 9 9 9 14 14 20 20 20 20 20 20 20 15 20 20 20 21 21 15 16 16 11 11 11 2 2 0 2 2 2 2 2
0 1 2 2 2 0 0 0 0 0 0 2 2 2 2 2 2 2 2 2 2 2 2 0 0 0 2 0 0 2 2 2 0 0 0 0 0 2 2 2 2 2 2 2 2 2 2 2 0 0 0 0 0 0 0 0 0 0 2 2 2 2 2 2 0 0 0 0 0 0 0 2 2 0 0 0 0 2 2 2 2 2 2 2 2 2 2 2 2 2 2 2 2 2 2 2 2 2 2 2 0 0 0 0 0 2 2 2 2 2 2 2 2 2 2 2 2 2 2 0 0 0 0 0 0 0 2 2 2 2 2 0 0 0 0 0 2 2 8 9 9 14 14 14 20 20 20 23 23 23 20 20 20 20 21 21 21 16 16 16 11 12 2 2 2 2 2 2 2 2 2
0 1 2 2 2 0 0 0 0 0 0 2 2 2 2 0 0 2 2 2 2 2 2 2 0 0 0 0 0 2 2 0 0 0 0 0 2 2 2 2 2 2 2 2 2 2 2 2 0 0 0 0 0 0 2 0 0 0 2 2 2 2 2 0 0 0 0 0 0 2 2 2 2 0 0 0 0 2 2 2 2 2 2 2 2 2 2 2 2 2 2 2 2 2 2 2 0 0 0 2 2 0 0 0 0 0 2 2 2 2 0 0 0 2 2 2 2 2 2 0 0 0 0 0 0 0 0 2 2 2 0 0 0 0 0 0 2 8 8 8 8 13 14 14 19 20 23 23 23 23 20 20 24 24 24 21 21 16 16 16 12 12 2 2 2 2 2 2 2 2 2
0 1 2 2 2 0 2 0 0 2 2 2 2 2 0 0 0 2 0 0 2 2 0 0 0 0 0 0 2 2 2 0 0 0 0 0 2 2 2 2 2 2 2 2 2 2 2 2 0 0 0 0 0 0 2 2 2 2 2 2 2 2 2 0 0 0 0 0 0 0 2 2 2 2 2 2 2 2 2 2 2 2 0 0 2 2 0 2 2 2 2 2 2 2 2 2 0 0 0 2 0 0 0 2 0 0 2 2 0 0 0 0 0 2 2 2 2 2 2 0 0 0 0 0 0 0 0 0 2 2 0 0 0 0 0 0 8 8 8 13 13 13 13 13 19 19 23 23 23 23 23 24 24 24 24 21 21 16 16 16 12 12 3 3 3 2 2 2 2 2 2
0 1 2 2 2 0 0 0 2 0 0 0 2 2 2 0 0 0 0 0 2 2 0 0 0 0 0 0 0 0 2 2 0 0 0 0 0 2 2 2 2 2 2 2 2 2 2 2 0 0 0 2 0 0 0 2 2 2 2 2 2 2 2 0 0 2 2 0 0 0 2 2 2 2 2 2 2 2 2 2 2 2 0 0 0 0 0 2 2 2 2 2 2 0 0 0 0 0 0 0 0 0 0 2 2 2 2 2 0 0 0 0 0 0 2 2 2 2 2 0 0 0 0 0 0 0 0 0 2 2 2 2 0 0 2 8 8 8 13 13 13 13 19 19 19 19 23 23 23 23 23 24 24 24 24 21 21 16 16 12 12 12 3 3 3 2 2 2 2 2 2
0 1 2 2 2 0 0 0 0 0 0 0 2 0 0 0 0 0 0 2 2 2 0 0 2 0 0 0 0 0 2 2 0 0 2 2 2 2 2 2 2 2 2 2 2 0 0 0 0 0 0 0 0 0 0 0 2 2 2 2 2 2 2 2 2 2 2 2 0 0 2 2 2 2 2 2 2 2 2 2 2 0 0 0 0 0 2 2 2 2 2 2 2 0 0 0 0 0 0 0 0 2 2 2 2 2 2 2 0 0 0 0 0 0 2 2 2 2 2 0 0 0 0 0 0 0 0 2 2 2 2 2 2 2 8 8 8 13 13 13 13 19 19 19 19 23 23 23 23 23 24 24 24 24 21 21 16 16 16 12 12 12 3 3 3 2 2 2 2 2 2
0 1 2 2 2 0 0 0 0 0 0 2 2 0 0 0 0 0 0 0 0 2 2 2 2 0 0 2 2 2 2 2 2 2 2 2 2 2 0 0 2 2 2 2 2 0 0 0 0 0 0 0 0 0 0 2 2 2 2 2 2 2 2 2 2 2 2 2 2 2 2 2 2 2 2 2 2 2 2 2 2 0 0 0 0 0 0 2 2 2 2 2 2 2 2 0 0 0 0 0 2 2 2 2 2 2 2 2 0 0 0 0 0 2 2 2 2 2 0 0 0 0 0 0 0 2 2 2 2 2 2 2 2 2 8 8 8 13 13 13 19 19 19 23 23 23 26 25 25 25 25 24 24 21 21 21 16 16 16 12 12 12 3 3 3 2 2 2 2 2 2
0 1 2 2 0 0 0 0 0 0 0 0 2 0 0 2 0 0 0 0 0 2 2 2 0 0 2 2 2 2 2 2 2 2 2 2 2 2 0 0 0 2 2 2 2 2 0 0 0 0 0 0 0 0 0 0 0 2 2 2 2 2 2 2 2 2 2 2 2 2 2 2 2 2 2 2 2 2 2 2 2 2 2 0 0 0 0 2 2 2 2 2 2 2 0 0 0 0 0 0 2 2 2 2 2 2 2 2 0 0 0 0 0 2 2 2 2 2 2 0 2 0 0 0 0 2 2 2 2 2 2 2 2 2 8 8 8 13 13 13 19 19 19 23 23 23 23 23 24 24 24 24 24 24 21 21 21 16 16 12 12 12 3 3 3 2 2 2 2 2 2
0 1 2 0 0 0 0 0 0 0 0 0 0 2 2 2 0 0 2 2 2 2 2 0 0 2 2 2 2 2 2 2 2 2 0 2 0 2 0 0 0 2 2 2 2 2 2 0 0 0 0 0 0 0 0 0 0 2 2 2 2 2 2 2 2 2 2 2 2 2 2 2 2 2 2 2 2 2 0 2 2 2 0 0 2 2 2 2 2 2 2 2 2 2 0 0 0 0 0 0 2 2 2 2 2 2 2 2 2 2 2 2 2 2 2 2 2 2 2 2 0 0 0 0 0 2 2 2 2 2 2 2 2 2 8 8 8 13 13 13 19 19 19 23 23 23 23 24 24 24 24 24 24 24 24 21 21 21 16 16 12 12 12 3 3 3 2 2 2 2 2
0 1 2 0 0 0 0 0 0 0 0 0 0 2 2 0 0 2 2 0 0 0 0 0 0 2 2 2 2 2 2 2 2 2 0 0 0 0 0 0 0 0 0 0 2 2 2 0 0 0 0 0 0 0 0 0 0 2 0 0 2 2 2 2 2 2 2 2 2 2 2 2 0 0 0 0 0 0 0 0 2 2 2 2 2 2 2 2 2 2 2 2 2 2 0 2 2 0 0 0 2 2 2 2 2 2 2 2 2 2 2 2 2 2 2 2 0 0 0 2 0 0 0 2 2 2 2 2 2 2 2 2 0 0 8 8 8 13 13 13 19 19 19 19 23 23 22 22 24 24 24 24 24 24 24 21 21 21 16 16 12 12 12 3 3 3 2 2 2 2 2
0 1 0 0 2 2 0 0 0 2 0 0 0 2 2 2 2 2 2 0 0 0 0 0 0 0 2 2 2 2 2 2 2 2 0 0 0 0 0 0 0 0 0 0 2 2 2 0 0 0 0 0 0 0 0 2 2 2 0 0 0 2 2 2 2 2 2 2 2 2 2 2 2 0 0 0 0 0 0 2 2 2 2 2 2 2 2 2 2 2 2 2 2 2 2 2 2 2 2 2 2 2 2 2 2 2 2 2 2 2 2 2 2 2 2 2 0 0 0 0 0 0 0 0 0 0 2 2 2 0 0 0 0 2 7 7 7 13 13 13 13 19 19 19 18 18 22 22 24 24 22 22 22 22 22 21 21 21 17 17 16 10 12 3 3 3 2 2 2 2 2
0 1 0 0 0 2 0 0 0 2 2 2 2 2 2 2 2 2 2 2 0 0 0 0 0 0 0 2 2 2 2 2 2 2 2 2 0 0 0 0 0 0 2 2 2 2 2 0 0 2 2 2 0 0 0 2 2 2 0 0 0 0 0 0 0 2 2 2 2 2 2 2 2 0 0 0 0 0 0 2 2 2 2 2 2 2 2 2 2 2 2 2 2 0 0 2 2 2 2 2 2 2 2 2 2 2 2 2 2 2 2 2 2 2 2 2 2 0 0 0 0 0 0 0 0 0 2 2 2 0 0 0 0 0 0 7 7 7 12 12 12 12 12 18 18 18 18 22 22 24 22 22 22 22 22 22 21 17 17 17 17 10 10 3 3 3 2 2 2 2 2
0 1 0 0 0 0 0 0 0 2 2 2 2 2 2 2 2 2 2 2 0 0 0 0 0 0 0 2 2 2 2 2 2 2 2 2 0 0 0 0 0 0 2 2 2 2 2 2 0 0 2 2 2 2 2 2 0 0 0 0 0 0 0 0 2 2 2 2 2 2 2 2 0 0 0 0 0 0 0 0 2 2 2 2 2 2 2 2 0 0 2 2 0 0 0 2 2 2 2 2 2 2 2 2 2 2 2 2 2 2 2 0 0 2 2 2 2 2 0 0 0 0 0 0 0 2 2 2 2 2 0 0 0 0 0 7 7 7 7 7 12 12 12 12 18 18 18 22 22 22 22 22 17 17 17 17 17 17 17 17 10 10 10 4 4 4 2 2 2 2 2
0 1 2 0 0 0 0 0 0 2 2 2 2 2 2 2 2 2 2 0 0 0 0 0 0 2 2 2 2 2 2 2 2 2 2 2 0 0 0 0 0 0 2 2 2 2 2 0 0 0 0 2 2 2 2 0 0 0 0 0 0 0 0 0 2 2 2 2 2 2 2 0 0 0 0 0 0 0 0 0 0 2 2 2 2 2 2 2 0 0 0 2 0 0 0 2 2 2 2 2 2 2 2 2 2 2 2 2 0 2 0 0 0 2 2 2 2 0 0 0 0 0 0 2 2 2 2 2 2 0 0 0 0 0 2 2 7 7 7 7 7 12 12 12 12 18 18 22 22 22 22 17 17 17 17 17 17 17 17 17 10 10 10 4 4 4 2 2 2 2 2
0 1 0 0 0 0 0 0 2 2 2 2 2 2 2 2 2 2 2 0 0 0 0 0 0 2 2 2 2 2 2 2 2 2 2 0 0 0 0 0 0 0 0 2 2 2 2 0 0 0 0 2 2 2 2 0 0 0 0 0 0 0 0 2 2 2 2 2 2 2 2 0 0 0 0 0 0 0 0 0 0 2 0 0 0 2 2 2 0 0 0 0 0 0 2 2 2 2 2 2 0 0 2 2 2 2 2 0 0 0 0 0 2 2 0 2 2 0 0 0 0 0 0 0 2 2 2 2 2 0 2 2 0 0 2 2 2 2 7 7 7 7 12 12 12 18 18 18 22 22 18 17 17 17 17 17 17 17 10 10 10 10 10 4 4 4 2 2 2 2 2
0 1 0 0 0 0 0 0 0 2 2 2 2 2 2 2 2 0 0 2 2 2 2 0 0 2 2 2 2 2 2 2 2 2 2 0 0 0 0 0 0 0 2 2 2 2 2 0 0 0 0 2 2 2 2 2 2 2 0 0 0 0 0 0 2 2 2 0 0 2 2 0 2 0 0 0 0 0 2 2 2 2 0 0 0 2 2 2 2 0 0 0 0 0 0 0 0 0 0 2 0 0 0 2 2 2 2 0 0 0 0 0 0 0 0 2 2 0 0 0 2 0 0 0 2 2 2 2 2 2 2 2 2 2 2 2 2 2 2 7 7 7 7 12 12 18 18 18 18 18 18 17 11 11 11 10 10 10 10 10 10 10 4 4 4 2 2 2 2 2 2
0 1 0 0 0 0 0 0 0 0 2 2 2 2 2 2 0 0 0 2 0 0 2 2 2 2 2 2 2 2 2 2 2 2 2 0 0 0 0 0 0 0 0 2 2 2 2 2 2 2 2 2 2 2 2 2 2 0 0 0 0 0 0 0 2 2 2 0 0 2 2 2 2 2 0 0 0 0 2 2 2 2 0 0 0 0 0 0 0 0 0 0 0 0 0 0 0 0 0 0 0 0 2 2 2 2 2 2 2 0 0 0 0 0 2 2 2 2 2 2 2 2 0 0 0 0 2 2 2 2 2 2 2 2 2 2 2 2 2 2 7 7 6 12 12 12 18 18 18 18 18 11 11 11 11 10 10 10 10 10 4 4 4 4 4 0 0 2 2 2 2
0 1 2 0 0 0 2 0 0 0 2 2 2 2 2 2 2 0 0 0 0 0 2 2 2 2 2 2 2 2 2 2 2 2 0 0 0 0 0 0 0 0 0 2 2 2 2 2 2 2 2 2 2 2 2 2 2 0 0 0 2 2 0 0 0 0 0 0 0 0 0 0 2 2 2 0 0 2 2 0 0 0 0 0 0 0 0 0 0 0 0 0 0 0 0 0 2 0 0 0 0 0 0 0 2 2 2 2 0 0 0 0 0 2 2 2 2 2 2 2 0 0 0 0 0 0 2 2 2 2 2 2 2 2 2 2 2 2 2 2 2 6 6 12 12 12 11 18 18 18 11 11 11 11 11 5 5 4 4 4 4 4 4 4 0 0 0 2 2 2 2
0 1 2 0 0 0 2 2 2 2 2 2 2 2 2 0 0 0 0 0 0 2 2 2 2 2 2 2 0 0 0 2 0 0 0 2 0 0 0 0 0 0 0 2 2 2 2 2 2 2 2 2 2 2 2 2 0 0 0 0 2 2 2 2 0 0 0 0 0 0 0 0 2 2 2 2 2 2 2 0 0 0 0 0 0 0 0 0 0 0 0 0 0 0 2 2 0 0 0 0 0 0 0 0 2 2 2 2 0 0 2 0 0 2 2 2 2 2 2 2 0 0 0 0 0 0 2 2 2 2 2 2 2 2 2 2 2 2 2 2 2 6 6 6 12 12 11 11 11 11 11 11 11 5 5 5 5 5 4 4 4 4 0 0 0 0 0 2 2 2 2
0 1 2 0 0 2 2 2 2 2 2 2 2 2 2 0 0 0 0 0 0 0 0 2 2 2 2 2 0 0 0 0 0 0 0 0 0 0 0 0 0 2 2 2 2 2 2 2 2 2 2 2 2 2 2 2 2 0 0 0 0 2 2 2 2 2 0 0 0 0 2 2 2 2 2 0 0 2 2 2 0 0 0 0 0 0 0 2 2 2 2 0 0 0 2 2 0 0 0 0 0 0 0 0 2 2 2 2 2 2 2 0 0 2 2 2 2 2 2 2 2 0 0 0 0 0 0 0 2 2 2 2 2 2 2 2 2 2 2 2 2 2 6 6 6 11 11 11 11 11 11 11 5 5 5 5 5 5 4 2 0 2 0 0 0 2 2 2 2 2 2
0 1 2 2 2 2 2 2 2 2 2 0 0 2 2 0 0 2 0 0 0 0 0 2 2 2 2 2 2 0 0 0 0 0 0 0 0 0 0 0 0 2 2 2 2 2 2 0 0 2 2 0 0 2 2 0 0 0 0 0 0 2 2 2 2 0 0 0 0 0 2 2 2 2 0 0 2 2 2 2 2 2 0 0 0 0 0 0 2 2 2 0 0 0 2 2 0 0 2 0 0 0 2 2 0 0 0 0 2 2 2 2 2 2 2 2 2 2 2 2 2 0 0 0 0 0 0 0 2 2 2 2 2 2 2 2 2 2 2 2 2 2 6 6 6 6 11 11 11 11 5 5 5 5 5 2 2 2 2 2 2 2 0 0 0 2 2 2 2 2 2
0 1 2 2 2 2 2 2 2 0 0 0 0 0 0 2 2 0 0 0 2 2 2 2 2 2 2 2 2 0 0 0 0 0 0 0 0 2 2 0 0 0 2 2 2 2 2 0 0 0 0 0 0 2 2 0 0 0 0 0 2 2 2 2 2 0 0 0 0 0 0 2 2 2 0 0 0 2 2 0 0 0 0 0 0 0 0 0 2 2 2 2 2 2 2 2 2 2 2 0 0 0 2 2 0 0 0 0 0 2 2 2 2 2 2 2 2 2 2 2 0 0 0 0 0 0 0 0 0 2 2 0 0 2 2 2 2 2 2 2 2 2 2 6 6 6 6 6 6 5 5 5 5 5 2 2 2 2 2 2 2 2 2 2 2 2 2 2 2 2 2
0 1 2 0 0 2 2 2 2 0 0 0 0 0 0 2 2 0 0 2 2 2 2 2 2 2 2 0 0 0 0 0 0 0 0 0 0 2 2 2 0 0 2 2 2 2 2 0 0 0 0 0 2 2 2 2 0 0 0 0 0 2 2 2 2 0 2 2 2 0 0 2 2 0 0 0 0 2 2 0 0 0 0 0 2 2 0 0 2 2 2 2 2 2 2 2 2 2 2 2 2 2 2 0 0 0 0 0 0 2 2 2 2 2 2 2 0 0 0 2 0 0 0 0 0 0 0 0 0 0 0 0 0 2 2 2 2 2 2 2 2 2 2 2 6 6 6 6 6 5 5 5 0 0 2 2 2 2 2 2 2 2 2 2 2 2 2 0 2 2 2
0 1 0 0 0 2 2 2 2 0 0 0 0 0 0 2 2 2 2 2 2 2 2 0 0 0 2 0 0 0 0 0 0 0 0 0 0 0 0 0 0 0 0 0 0 2 2 0 0 0 0 0 0 2 2 2 0 0 2 2 0 2 2 2 2 2 2 2 0 0 0 0 0 0 0 0 0 0 0 0 0 0 0 2 2 2 2 2 2 2 2 2 2 2 2 2 2 0 0 0 0 2 2 0 0 0 0 0 0 2 2 2 2 2 2 2 0 0 0 0 0 0 0 0 0 0 2 0 0 0 0 0 0 2 2 2 2 2 2 2 2 2 2 2 2 0 6 6 6 5 2 0 0 0 2 2 2 2 2 2 2 2 2 2 2 2 0 0 0 0 0
0 1 0 0 0 0 2 2 2 0 0 0 0 0 2 2 2 2 2 2 2 2 0 0 0 0 2 0 0 0 2 0 0 0 2 2 2 0 0 0 0 0 0 0 0 2 0 0 0 0 0 0 0 0 2 2 2 2 2 2 2 2 2 2 2 2 2 2 0 0 0 0 0 0 0 0 0 0 0 0 0 0 0 2 2 2 2 2 2 2 2 2 2 2 2 2 0 0 0 0 0 2 2 2 0 0 0 0 0 2 2 2 2 2 2 2 2 0 0 0 0 0 0 2 0 0 0 0 0 0 0 0 2 2 2 2 2 2 2 2 2 2 2 2 2 2 0 2 2 2 2 0 0 0 2 2 2 2 2 2 2 2 2 2 2 2 2 0 0 0 0
0 1 0 0 0 0 2 2 2 2 0 0 0 0 2 2 2 2 2 2 2 2 0 0 0 0 2 2 2 2 2 0 0 0 2 2 2 2 2 0 0 0 0 2 2 2 0 0 0 0 0 0 0 0 2 2 2 2 2 2 2 2 2 2 2 2 2 2 2 0 0 0 0 0 0 0 0 0 0 0 0 0 0 2 2 2 2 2 2 2 2 2 2 2 2 2 0 0 0 0 0 0 2 2 0 0 0 2 2 2 2 2 2 2 2 2 2 0 0 0 0 0 0 0 0 0 0 0 0 0 0 0 0 2 2 2 2 2 2 2 2 2 2 2 2 2 2 2 2 2 2 2 2 0 2 2 2 2 2 2 2 2 2 2 2 2 2 0 0 0 0
0 1 0 0 2 2 2 2 2 2 2 2 2 2 2 2 2 2 2 2 2 2 2 0 0 0 2 2 2 2 2 0 0 2 2 2 2 2 0 0 0 0 0 0 2 2 2 2 2 0 0 2 2 2 2 2 2 2 2 2 2 2 2 2 2 2 2 2 2 2 2 2 0 0 0 0 0 0 0 0 0 2 2 2 2 2 2 2 2 2 2 2 2 2 2 2 0 0 0 0 0 0 2 2 2 2 2 2 2 2 2 2 2 2 2 0 0 0 0 0 0 0 0 0 0 0 0 0 0 0 0 0 0 0 2 2 2 2 2 2 2 2 2 2 2 2 2 2 2 2 2 2 2 2 2 2 2 2 2 2 2 2 2 2 2 0 0 0 0 0 0
